15810
43536
48039
210628
213741
255468
510047
1343403
5516209
10592068
24962230
26864898
43219807
124025181
346563107
392617988
407106379
434662713
480432362
492808243
526559715
648113003
692283831
703018634
1096223397
1220621189
1472906636
1900434152
434565011
1202504814
2299184
623441612
23947287
730732
17223352
316381099
441381282
1612112
441382432
436693674
10330740
349991143
406805563
198297
4454981
487550002
2143967328
1043321643
11073
282994
291296062
6055289
401480763
442902274
380829248
1688076885
372984197
1265680561
1926156228
693
2052064438
90873
1437582453
337827661
18149131
456749835
492862
623441609
249243
4911722
1761499833
12362451
403928672
419429042
405981431
493724848
10217431
387636363
592621194
420249427
15347339
403921378
7706705
434334701
109891
545060982
13209383
410455162
5055
1576121
